[hh.jpg]
filters=finetune2=1,0.725146,0.033684,0.000000,00000000,-0.087719;
moddate=89900240d5e4cf01
width=1500
height=500
textactive=0
